#pragma once

const int TAM_KERNEL = 11;

#ifdef DEFINE_KERNEL
double window[TAM_KERNEL][TAM_KERNEL] =
{
	{
		1.05756559815326e-06,
		7.81441153305360e-06,
		3.70224770827489e-05,
		1.12464355116679e-04,
		2.19050652866017e-04,
		2.73561160085806e-04,
		2.19050652866017e-04,
		1.12464355116679e-04,
		3.70224770827489e-05,
		7.81441153305360e-06,
		1.05756559815326e-06 },
		{
			7.81441153305360e-06,
			5.77411251978637e-05,
			2.73561160085806e-04,
			8.31005429087199e-04,
			1.61857756253439e-03,
			2.02135875836257e-03,
			1.61857756253439e-03,
			8.31005429087199e-04,
			2.73561160085806e-04,
			5.77411251978637e-05,
			7.81441153305360e-06 },{

				3.70224770827489e-05,
				2.73561160085806e-04,
				1.29605559384320e-03,
				3.93706926284678e-03,
				7.66836382523672e-03,
				9.57662749024029e-03,
				7.66836382523672e-03,
				3.93706926284678e-03,
				1.29605559384320e-03,
				2.73561160085806e-04,
				3.70224770827489e-05 },{

					1.12464355116679e-04,
					8.31005429087199e-04,
					3.93706926284678e-03,
					1.19597604100370e-02,
					2.32944324734871e-02,
					2.90912256485504e-02,
					2.32944324734871e-02,
					1.19597604100370e-02,
					3.93706926284678e-03,
					8.31005429087199e-04,
					1.12464355116679e-04 },{

						2.19050652866017e-04,
						1.61857756253439e-03,
						7.66836382523672e-03,
						2.32944324734871e-02,
						4.53713590956603e-02,
						5.66619704916846e-02,
						4.53713590956603e-02,
						2.32944324734871e-02,
						7.66836382523672e-03,
						1.61857756253439e-03,
						2.19050652866017e-04 },{

							2.73561160085806e-04,
							2.02135875836257e-03,
							9.57662749024029e-03,
							2.90912256485504e-02,
							5.66619704916846e-02,
							7.07622377639470e-02,
							5.66619704916846e-02,
							2.90912256485504e-02,
							9.57662749024029e-03,
							2.02135875836257e-03,
							2.73561160085806e-04 },{

								2.19050652866017e-04,
								1.61857756253439e-03,
								7.66836382523672e-03,
								2.32944324734871e-02,
								4.53713590956603e-02,
								5.66619704916846e-02,
								4.53713590956603e-02,
								2.32944324734871e-02,
								7.66836382523672e-03,
								1.61857756253439e-03,
								2.19050652866017e-04 },{

									1.12464355116679e-04,
									8.31005429087199e-04,
									3.93706926284678e-03,
									1.19597604100370e-02,
									2.32944324734871e-02,
									2.90912256485504e-02,
									2.32944324734871e-02,
									1.19597604100370e-02,
									3.93706926284678e-03,
									8.31005429087199e-04,
									1.12464355116679e-04 },{

										3.70224770827489e-05,
										2.73561160085806e-04,
										1.29605559384320e-03,
										3.93706926284678e-03,
										7.66836382523672e-03,
										9.57662749024029e-03,
										7.66836382523672e-03,
										3.93706926284678e-03,
										1.29605559384320e-03,
										2.73561160085806e-04,
										3.70224770827489e-05 },{

											7.81441153305360e-06,
											5.77411251978637e-05,
											2.73561160085806e-04,
											8.31005429087199e-04,
											1.61857756253439e-03,
											2.02135875836257e-03,
											1.61857756253439e-03,
											8.31005429087199e-04,
											2.73561160085806e-04,
											5.77411251978637e-05,
											7.81441153305360e-06 },{

												1.05756559815326e-06,
												7.81441153305360e-06,
												3.70224770827489e-05,
												1.12464355116679e-04,
												2.19050652866017e-04,
												2.73561160085806e-04,
												2.19050652866017e-04,
												1.12464355116679e-04,
												3.70224770827489e-05,
												7.81441153305360e-06,
												1.05756559815326e-06
											}
};
#endif